origin_time,latitude,longitude,depth,num_of_station,magnitudo
2024-05-16T21:42:10.910000Z,-5.7002,113.6823,5.98,7,3.3
2024-05-17T10:58:27.710000Z,-8.6308,111.0973,15.85,7,1.8
2024-05-22T10:20:07.620000Z,-8.17,111.136,8.87,7,2.2
2024-05-22T10:19:28.020000Z,-11.0293,111.8923,2.99,7,5.0
2024-05-24T11:16:51.560000Z,-7.8145,111.161,16.72,7,0.8
2024-05-24T13:17:30.000000Z,-7.7852,109.6813,23.19,7,0.5
2024-05-26T20:57:57.880000Z,-6.6207,111.2915,6.0,7,2.3
2024-05-27T19:59:37.210000Z,-8.205,111.0108,14.18,7,0.7
2024-05-27T20:05:17.580000Z,-7.7533,111.4693,10.69,7,2.1
2024-05-27T20:21:39.820000Z,-8.1703,111.1398,6.93,7,0.7
2024-05-27T20:39:54.040000Z,-8.2082,111.0078,5.55,7,2.3
2024-05-27T20:51:27.920000Z,-10.1492,111.4923,11.9,7,3.4
2024-05-28T11:14:39.030000Z,-7.6608,111.5627,56.32,7,1.9
2024-05-28T11:18:28.780000Z,-7.97,111.3838,20.64,7,2.2
2024-05-28T11:22:28.120000Z,-7.5718,111.4003,19.95,7,2.0
2024-05-28T11:24:15.880000Z,-5.9863,111.0295,25.7,7,2.3
2024-05-28T12:09:52.930000Z,-7.6532,112.2782,25.56,7,2.2
2024-05-29T06:38:49.730000Z,-8.0918,113.0448,72.79,7,3.1
2024-05-29T12:51:11.480000Z,-7.7812,111.5057,4.85,7,1.7
2024-05-29T12:54:33.780000Z,-7.845,112.5013,151.61,7,2.6
2024-05-29T18:25:09.090000Z,-9.5658,110.3012,15.41,7,2.8
2024-05-30T01:45:10.770000Z,-6.78,111.9857,22.59,7,2.6
2024-05-30T01:45:21.600000Z,-7.5243,111.4985,6.0,7,1.8
2024-05-30T11:46:30.350000Z,-7.0238,109.282,118.32,7,3.9
2024-05-30T12:43:34.240000Z,-7.2822,110.0103,12.77,7,1.4
2024-05-30T18:51:20.650000Z,-6.1602,111.8537,25.81,7,1.9
2024-05-30T20:23:34.650000Z,-5.9193,109.6457,10.75,7,2.0
2024-05-30T20:42:21.650000Z,-6.8585,111.5672,128.17,7,2.6
2024-05-31T10:53:38.200000Z,-6.9787,110.5985,24.97,7,1.2
2024-05-31T14:02:26.950000Z,-7.6607,110.1212,10.97,7,0.3
2024-05-31T15:51:26.100000Z,-8.4703,108.8475,118.27,8,3.1
2024-05-31T18:14:40.730000Z,-7.3137,109.3425,16.11,7,1.6
2024-05-31T18:45:28.920000Z,-7.8947,109.951,1.85,10,1.3
2024-05-31T20:13:26.950000Z,-7.804,108.4908,139.91,9,4.4
2024-06-02T21:49:57.690000Z,-10.7432,111.3515,12.69,9,3.5
2024-06-03T04:16:39.920000Z,-8.1508,108.9548,67.64,7,3.2
2024-06-03T21:38:54.560000Z,-9.7842,111.5878,13.38,11,3.2
2024-06-03T21:44:21.860000Z,-9.9122,111.5518,15.15,20,3.9
2024-06-05T10:40:21.960000Z,-11.022,111.5945,19.11,9,3.6
2024-06-05T16:40:47.220000Z,-8.3908,112.6117,13.51,14,3.1
2024-06-05T22:08:57.150000Z,-7.7675,112.4208,26.12,13,3.1
2024-06-06T05:29:05.920000Z,-6.9995,111.3592,220.18,10,4.4
2024-06-08T05:28:39.740000Z,-6.1587,110.6743,2.0,7,3.2
2024-06-08T06:31:27.550000Z,-7.7608,113.1377,25.37,7,3.4
2024-06-08T17:02:08.570000Z,-7.2393,108.7987,38.66,10,3.1
2024-06-08T20:49:17.150000Z,-8.665,114.1515,6.89,7,3.4
2024-06-10T10:13:44.700000Z,-8.7352,108.4615,25.83,8,3.3
2024-06-10T11:39:00.800000Z,-8.3992,112.8788,135.0,9,3.6
2024-06-10T17:29:33.520000Z,-6.5743,112.051,2.52,8,3.2
2024-06-12T14:08:07.720000Z,-6.2007,112.8593,6.0,7,3.4
2024-06-12T18:28:11.230000Z,-10.9748,111.2878,12.63,8,3.5
2024-06-12T21:21:55.240000Z,-10.6298,111.7695,4.86,9,3.4
2024-06-13T15:02:25.810000Z,-8.6005,108.6617,25.61,7,3.3
2024-06-13T19:05:30.050000Z,-9.6732,112.9018,25.15,14,3.6
2024-06-15T04:33:06.910000Z,-10.1425,112.7713,11.67,9,4.6
2024-06-15T22:04:24.520000Z,-8.8322,110.2473,24.39,7,3.1
2024-06-16T07:35:18.310000Z,-10.503,111.3918,2.0,11,4.0
2024-06-16T08:55:32.120000Z,-8.41,112.2592,125.42,8,3.0
2024-06-16T13:09:16.400000Z,-9.4792,112.879,22.17,7,3.9
2024-06-16T13:20:42.660000Z,-9.8395,112.8512,71.49,7,3.2
2024-06-16T13:36:09.650000Z,-7.3557,113.0173,36.19,8,3.9
2024-06-16T13:40:20.080000Z,-9.6937,112.842,11.79,11,3.6
2024-06-16T17:44:28.640000Z,-9.961,112.8822,1.99,19,3.9
2024-06-17T15:16:57.700000Z,-10.2933,111.0208,2.72,11,3.7
2024-06-18T04:27:29.580000Z,-9.6858,112.0497,24.18,7,3.8
2024-06-18T17:11:28.330000Z,-6.5788,111.9253,11.79,7,3.8
2024-06-19T00:20:42.330000Z,-11.2103,111.0327,7.84,8,3.5
2024-06-19T04:16:42.070000Z,-10.5752,109.1173,15.76,7,3.8
2024-06-19T18:27:19.290000Z,-11.1573,111.2313,6.88,7,3.1
2024-06-19T19:39:08.740000Z,-9.7078,112.9455,2.92,15,3.5
2024-06-19T20:29:07.470000Z,-9.1603,107.478,32.71,7,3.9
2024-06-20T12:01:03.250000Z,-6.5382,113.4005,10.95,7,3.5
